           1           2   1.4412532934182984     
           2           3   1.4412513359667560     
           1           4  0.11370320633934336     
           3           4   1.4412523904024592     
           2           5  0.11370395246610412     
           4           5   1.4412532934321030     
           1           6   1.4412523904163188     
           3           6  0.11370456523136431     
           5           6   1.4412513359529111     
           1           7  0.97158555913315192     
           2           8  0.97158569278270468     
           3           9  0.97158583918753871     
           4          10  0.97158555913318012     
           5          11  0.97158569278272355     
           6          12  0.97158583918752661     
