           1           2   1.4412527027345106     
           2           3   1.4412524954574104     
           1           4  0.11370398458831127     
           3           4   1.4412517212242464     
           2           5  0.11370353537011545     
           4           5   1.4412528355911398     
           1           6   1.4412518540522443     
           3           6  0.11370419929640525     
           5           6   1.4412523614667738     
           1           7  0.97158569587555699     
           2           8  0.97158561252621400     
           3           9  0.97158577272629920     
           4          10  0.97158569629325187     
           5          11  0.97158561253256137     
           6          12  0.97158577044740890     
